1
442
34
66
102
103
114
126
136
149
161
172
185
400
405
227
234
239
238
266
269
273
276
279
281
282
428
341
342
346
347
348
433
349
350
351
352
343
353
354
355
434
356
357
358
435
359
360
361
344
362
363
431
364
365
366
367
345
368
369
370
371
372
373
374
375
338
337
427
336
335
307
334
432
333
332
331
306
305
330
329
304
303
328
327
302
301
326
325
300
299
298
324
429
430
323
297
278
296
322
321
295
294
320
319
293
292
318
317
316
290
291
425
421
424
289
315
314
288
287
313
340
312
286
285
311
339
310
284
283
309
308
440
280
426
277
274
271
270
267
240
235
228
406
401
186
173
162
150
137
127
386
441
104
115
387
389
116
138
392
152
151
174
396
399
187
175
393
163
153
139
140
128
117
105
106
107
118
129
141
154
164
165
177
189
397
176
188
200
213
222
230
229
221
212
211
403
407
241
242
243
244
245
246
247
248
249
415
250
251
417
418
253
252
231
223
214
402
201
202
190
191
203
215
224
232
254
255
256
257
258
259
260
419
422
261
262
236
263
264
416
268
420
272
438
423
275
437
265
237
414
410
411
226
220
210
199
184
171
160
148
135
125
113
383
384
98
97
380
96
379
95
94
436
101
93
92
60
61
62
63
64
65
33
377
376
32
31
30
29
28
27
26
59
91
90
58
25
24
23
56
57
89
88
378
87
55
22
21
54
86
85
381
382
109
120
388
390
143
131
385
121
110
122
132
391
144
145
157
168
181
194
195
196
197
182
169
158
146
133
123
111
112
124
134
147
159
170
183
198
209
219
218
208
207
206
205
217
404
413
412
409
408
233
225
216
204
193
192
180
167
156
394
395
179
398
178
166
155
142
130
119
108
439
82
50
51
83
84
52
53
20
19
18
17
16
15
48
49
81
100
80
79
78
99
77
76
75
74
42
43
44
45
46
47
14
13
12
11
10
9
8
7
40
41
73
72
71
39
6
5
4
37
38
70
69
68
67
35
36
3
2
