1
2
35
67
68
69
70
38
37
36
3
4
5
6
39
71
72
73
41
40
7
8
9
10
11
12
13
14
47
46
45
44
43
42
74
75
76
77
99
78
79
80
100
81
49
48
15
16
17
18
19
20
53
52
84
83
51
50
82
439
108
119
130
142
155
166
178
398
179
395
394
390
388
120
131
143
156
167
180
192
193
204
216
225
233
232
224
215
203
191
190
177
165
164
154
141
129
118
107
106
105
117
128
139
140
153
163
393
175
152
392
138
116
389
387
115
104
441
386
127
137
150
151
162
173
186
174
396
399
187
403
211
212
221
229
230
222
213
200
188
176
397
189
201
202
402
214
223
231
252
251
250
415
249
248
247
246
245
244
243
242
241
407
228
235
240
267
270
271
274
277
426
280
440
308
309
283
284
310
339
311
285
286
312
340
313
287
288
314
315
289
424
421
425
291
290
316
317
318
292
293
319
320
294
295
321
322
323
430
324
429
325
300
299
298
297
296
278
417
418
253
254
255
256
257
258
259
260
413
412
408
409
404
217
205
206
207
208
218
219
209
198
183
170
159
147
134
124
112
111
123
133
146
158
169
182
197
196
195
194
181
168
157
145
144
391
132
122
110
121
385
109
382
381
85
86
54
21
22
55
87
378
88
89
57
56
23
24
25
58
90
91
59
26
27
28
29
30
31
32
376
377
33
65
64
63
62
61
60
92
93
101
436
94
95
379
96
380
97
98
384
383
113
125
135
148
160
171
184
199
210
220
226
411
410
414
237
265
437
275
423
438
272
420
268
416
264
236
263
262
261
419
422
304
303
302
301
326
327
328
329
330
305
306
331
332
333
432
334
307
335
336
427
337
338
375
374
373
372
371
370
369
368
345
367
366
365
431
364
363
362
344
361
360
359
435
358
357
356
434
355
354
353
343
352
351
350
349
433
348
347
346
342
341
428
282
281
279
276
273
269
266
239
238
234
227
405
406
401
400
185
172
161
149
136
126
114
103
102
66
34
442
