1
442
34
66
102
103
114
126
136
149
161
172
185
400
401
406
405
227
234
238
239
266
269
273
276
279
281
282
428
341
342
346
347
348
433
349
350
351
352
343
353
354
355
434
356
357
358
435
359
360
361
344
362
363
364
431
365
366
367
345
368
369
370
371
372
373
374
375
338
337
427
336
335
307
334
432
333
332
331
306
305
330
329
328
327
326
301
302
303
304
422
419
261
262
263
236
264
416
268
420
272
438
423
275
437
265
237
414
410
411
226
220
210
199
184
171
160
148
135
125
113
383
384
98
97
65
33
377
376
32
31
30
29
28
61
62
63
64
96
380
379
95
94
436
101
93
92
91
59
60
27
26
25
24
57
58
90
89
88
378
87
55
56
23
22
21
54
86
85
381
382
109
120
385
121
110
122
132
391
144
145
157
168
181
194
195
196
197
182
169
158
146
133
123
111
112
124
134
147
159
170
183
198
209
219
218
208
207
206
205
217
404
409
408
412
413
260
259
258
257
256
255
254
253
418
417
278
296
297
298
299
300
325
429
324
430
323
322
321
295
294
320
319
293
292
318
317
316
290
291
425
421
424
289
315
314
288
287
313
340
312
286
285
311
339
310
284
283
309
308
440
280
426
277
274
271
270
267
240
235
228
407
241
242
243
244
245
246
247
248
249
415
250
251
252
231
223
214
402
202
201
189
397
176
188
200
213
222
230
229
221
212
211
403
187
399
396
174
186
173
162
151
150
137
127
386
441
104
115
387
389
116
138
392
152
175
393
163
153
140
139
128
117
105
106
107
118
129
141
154
164
165
177
190
191
203
215
224
232
233
225
216
204
193
192
180
167
156
143
131
388
390
394
395
179
398
178
166
155
142
130
119
108
439
82
50
51
83
84
52
53
20
19
18
17
16
15
48
49
81
100
80
79
78
99
77
76
75
74
42
43
44
45
46
47
14
13
12
11
10
9
8
7
40
41
73
72
71
39
6
5
4
3
36
37
38
70
69
68
67
35
2
