1
2
242
243
241
244
247
245
240
239
246
231
238
237
232
233
236
235
234
227
226
225
224
223
222
221
220
219
218
217
216
215
214
213
212
207
208
206
205
204
203
202
200
144
145
199
198
201
196
195
194
197
193
192
191
190
189
188
165
164
163
162
174
173
107
106
105
104
103
102
101
169
170
172
171
166
167
168
100
99
98
97
96
95
94
93
92
91
90
89
109
108
110
111
112
88
87
113
114
115
117
116
86
85
84
83
82
81
80
79
78
77
76
75
74
73
72
71
70
69
68
67
66
65
64
63
62
118
61
60
43
42
41
40
39
38
49
48
47
46
45
44
59
58
57
56
55
54
53
52
51
50
37
36
35
34
33
32
31
30
125
124
123
122
121
120
119
157
158
159
160
175
161
187
186
185
184
183
182
181
176
180
179
150
178
177
151
152
156
153
155
154
129
130
131
20
21
128
127
126
29
28
27
26
22
25
23
24
14
13
15
12
11
10
9
8
7
6
5
4
277
276
275
274
273
272
271
16
17
18
19
132
133
134
270
269
135
136
268
267
137
138
139
149
148
147
146
143
142
141
140
266
265
264
263
262
261
260
259
258
257
256
255
254
253
252
209
210
211
228
229
230
251
250
249
248
278
279
3
280
