1
280
3
279
278
248
249
256
257
258
259
260
261
262
263
264
265
266
267
268
269
270
134
135
136
137
138
139
140
141
142
143
144
145
146
147
148
149
150
179
180
181
176
177
178
151
152
156
153
155
154
129
126
127
128
21
130
131
20
19
132
133
18
17
16
271
272
273
274
275
276
277
4
5
6
7
9
8
10
11
12
13
15
14
24
23
25
22
26
27
28
29
31
32
33
34
30
125
124
123
122
121
120
119
157
158
159
160
175
174
173
107
106
105
103
104
108
110
111
114
113
87
84
85
86
116
115
117
118
62
61
60
43
42
41
40
39
35
36
37
38
49
50
51
52
53
48
47
54
55
46
45
56
57
44
59
58
63
64
65
66
67
68
69
70
71
72
73
74
75
76
77
78
79
80
81
82
83
88
112
109
89
90
91
92
93
94
95
96
97
98
99
100
101
102
169
170
172
171
168
167
166
165
164
163
162
161
182
183
184
185
186
187
188
189
190
191
192
193
194
195
196
197
198
199
200
201
202
203
204
205
206
208
253
254
255
252
209
210
207
212
211
214
213
216
215
218
217
220
221
222
219
223
224
225
226
227
228
229
230
251
250
247
244
245
246
231
232
233
234
235
236
237
238
239
240
241
243
242
2
