1
280
3
279
278
248
249
250
251
230
229
228
211
210
209
252
253
254
255
256
257
258
259
260
261
262
263
264
265
266
140
141
142
143
146
147
148
149
139
138
137
267
268
136
135
269
270
134
133
132
19
18
17
16
271
272
273
274
275
276
277
4
5
6
7
8
9
10
11
12
15
13
14
24
23
25
22
26
27
28
29
126
127
128
21
20
131
130
129
154
155
153
156
152
151
177
178
150
179
180
176
181
182
183
184
185
186
187
161
175
160
159
158
157
119
120
121
122
123
124
125
30
31
32
33
34
35
36
37
50
51
52
53
54
55
56
57
58
59
44
45
46
47
48
49
38
39
40
41
42
43
60
61
118
62
63
64
65
66
67
68
69
70
71
72
73
74
75
76
77
78
79
80
81
82
83
84
85
86
116
117
115
114
113
87
88
112
111
110
108
109
89
90
91
92
93
94
95
96
97
98
99
100
168
167
166
171
172
170
169
101
102
103
104
105
106
107
173
174
162
163
164
165
188
189
190
191
192
193
197
194
195
196
201
198
199
145
144
200
202
203
204
205
206
208
207
212
213
214
215
216
217
218
219
220
221
222
223
224
225
226
227
234
235
236
233
232
237
238
231
246
239
240
245
247
244
241
243
242
2
