1
2
242
243
241
240
239
238
237
236
235
234
233
232
231
246
245
244
247
250
251
230
229
228
227
226
225
224
223
219
222
221
220
217
218
215
216
213
214
211
212
207
210
209
252
253
208
206
205
204
203
202
201
200
199
198
197
196
195
194
193
192
191
190
189
188
187
186
185
184
183
182
161
162
163
164
165
166
167
168
171
172
170
169
102
101
100
99
98
97
96
95
94
93
92
91
90
89
109
112
88
83
82
81
80
79
78
77
76
75
74
73
72
71
70
69
68
67
66
65
64
63
58
59
44
57
56
45
46
55
54
47
48
53
52
51
50
49
38
37
36
35
39
40
41
42
43
60
61
62
118
117
115
116
86
85
84
87
113
114
111
110
108
104
103
105
106
107
173
174
175
160
159
158
157
119
120
121
122
123
124
125
30
34
33
32
31
29
28
27
26
22
25
23
24
14
13
15
12
11
10
8
9
7
6
5
4
277
276
275
274
273
272
271
16
17
18
133
132
19
20
131
130
21
128
127
126
129
154
155
153
156
152
151
178
177
176
181
180
179
150
149
148
147
146
145
144
143
142
141
140
139
138
137
136
135
134
270
269
268
267
266
265
264
263
262
261
260
259
258
257
254
255
256
249
248
278
279
3
280
