1
2
6
7
9
8
10
13
14
11
12
15
17
18
20
23
25
32
29
24
30
33
34
35
37
42
45
47
46
44
43
48
54
59
53
52
51
57
55
90
81
82
93
94
100
104
108
113
114
115
126
133
130
112
96
83
87
71
65
63
60
66
74
85
106
97
79
72
64
68
77
99
124
143
132
145
144
164
163
155
185
196
186
197
211
219
230
225
236
242
263
259
269
252
262
271
260
267
253
247
233
275
283
309
289
298
287
297
304
307
325
306
288
276
272
264
218
216
203
189
148
125
138
158
149
153
178
180
191
210
221
237
231
255
280
291
310
342
358
346
351
333
323
338
322
315
286
296
265
261
241
215
214
206
169
160
193
224
209
198
205
207
190
200
226
257
246
254
277
294
300
312
319
339
328
348
352
364
359
367
379
392
382
376
357
366
362
368
373
381
391
388
402
405
404
397
387
403
408
414
399
409
413
415
416
425
429
434
448
451
460
453
444
439
436
438
426
423
420
424
427
417
430
437
435
419
410
407
433
445
447
463
468
469
470
461
477
481
467
456
431
418
400
380
374
395
396
384
394
393
412
449
454
462
459
458
455
440
428
442
450
474
490
498
501
495
494
532
531
519
505
496
493
484
492
482
486
502
500
483
478
441
411
385
398
389
377
369
356
350
336
274
330
337
354
347
361
383
390
401
432
471
491
504
509
522
526
510
499
487
443
479
497
514
528
529
530
527
516
512
508
513
523
525
524
521
518
520
515
517
511
506
507
503
488
480
485
489
476
475
473
472
464
465
452
446
457
466
422
421
406
386
378
363
353
341
331
317
314
256
240
192
222
244
243
278
285
302
311
290
220
217
239
238
199
251
117
157
139
173
98
69
95
88
61
62
121
142
184
229
266
293
327
320
301
329
335
343
349
355
360
372
375
371
370
365
345
332
326
295
318
316
313
299
284
279
281
270
273
292
308
324
340
344
334
321
305
303
282
258
234
250
245
248
249
228
227
208
195
232
223
213
268
235
202
152
165
172
171
137
128
127
122
116
101
92
76
41
50
56
67
73
75
78
86
109
91
103
120
123
147
154
174
181
175
170
136
131
146
159
182
187
188
183
194
204
212
201
177
162
134
119
135
156
166
179
167
176
168
161
151
150
140
141
129
118
110
102
89
107
105
111
84
80
70
58
40
27
21
19
31
39
49
38
36
28
26
22
16
5
4
3
