1
2
6
7
9
8
10
11
12
14
13
18
25
29
32
34
35
33
30
24
23
20
17
15
16
22
26
28
36
37
42
45
47
46
44
43
48
38
31
39
49
54
59
53
52
51
57
55
90
81
82
93
94
100
104
108
113
114
115
126
133
155
163
164
144
145
130
112
96
83
87
71
65
63
60
66
74
85
106
97
79
72
64
68
77
99
124
132
143
160
169
206
214
215
241
261
265
286
296
300
294
277
254
246
226
257
258
282
292
303
305
321
334
324
340
344
339
319
312
328
315
322
338
323
333
351
346
325
307
304
297
287
298
289
309
283
275
247
233
253
267
260
271
262
252
269
259
263
242
236
225
230
219
211
197
186
185
196
203
216
218
189
148
125
138
158
149
153
178
180
191
210
221
237
231
255
280
291
264
272
276
288
306
310
342
358
387
397
403
408
414
399
409
413
415
416
425
429
434
448
451
460
453
444
439
436
438
426
423
420
424
427
417
430
437
435
419
410
392
376
382
402
405
404
391
388
381
373
368
362
366
357
352
348
364
359
367
379
380
374
400
418
407
433
445
447
463
468
469
470
461
477
481
490
498
501
531
532
519
505
494
495
474
467
456
431
442
450
428
395
396
384
394
393
412
449
454
440
455
458
459
462
484
493
496
492
482
486
502
500
483
478
441
411
385
398
389
377
369
356
350
336
274
330
337
354
347
361
383
390
401
432
471
491
504
509
522
526
510
499
487
443
479
497
514
528
529
530
527
516
512
508
513
523
525
524
521
518
520
515
517
511
507
506
503
488
480
485
489
476
475
473
472
464
465
452
446
457
466
422
421
406
386
378
363
353
341
331
317
314
256
240
192
222
244
243
278
285
302
311
290
220
217
239
238
199
251
117
157
139
173
98
69
95
88
61
62
121
142
184
229
266
293
327
320
301
329
335
343
349
355
360
372
375
371
370
365
345
332
326
318
316
313
308
299
281
279
284
295
232
223
213
268
235
202
152
165
172
171
137
128
127
122
116
101
92
76
41
50
56
103
131
136
183
170
175
181
174
204
194
188
187
182
159
146
195
208
227
228
249
248
245
270
273
250
234
212
201
200
177
162
147
154
123
120
109
91
67
73
75
86
78
119
134
135
156
166
167
176
179
190
207
205
224
209
198
193
168
161
151
150
140
141
129
118
110
102
89
107
105
111
84
80
70
58
40
27
21
19
3
4
5
