1
3
4
5
16
22
26
28
36
38
49
39
31
19
21
27
40
58
70
80
84
111
105
107
89
102
110
118
129
141
140
150
151
161
168
176
167
179
166
156
135
119
134
162
177
201
212
204
194
183
188
187
182
159
146
131
136
170
175
181
174
154
147
123
120
103
91
109
86
78
75
73
67
56
50
41
76
92
101
116
122
127
128
137
171
172
165
152
202
235
268
213
223
232
195
208
227
228
249
248
245
250
234
258
282
303
305
321
334
344
340
324
308
292
273
270
281
279
284
299
313
316
318
295
326
332
345
365
370
371
375
372
360
355
349
343
335
329
301
320
327
293
266
229
184
142
121
62
61
88
95
69
98
173
139
157
117
251
199
238
239
217
220
290
311
302
285
278
243
244
222
192
240
256
314
317
331
341
353
363
378
386
406
421
422
466
457
446
452
465
464
472
473
475
476
489
485
480
488
503
507
506
511
517
515
520
518
521
524
525
523
513
508
512
516
530
527
528
529
514
497
479
443
487
499
510
526
522
509
504
491
471
432
401
390
383
361
347
354
337
330
274
336
350
356
369
377
389
398
385
411
441
478
483
500
502
486
482
492
484
493
496
505
519
531
532
494
495
501
498
490
474
450
442
428
440
455
458
459
462
454
449
412
393
394
384
396
395
374
380
400
418
431
456
467
481
477
461
470
469
468
463
447
445
433
407
410
419
435
437
430
417
427
424
420
423
426
438
436
439
444
453
460
451
448
434
429
425
416
415
413
409
399
414
408
403
387
397
404
405
402
388
391
381
373
368
362
366
357
376
382
392
379
367
359
364
352
348
328
339
319
312
300
294
277
254
246
257
226
200
190
207
205
198
209
224
193
160
169
206
214
215
241
261
265
296
286
315
322
338
323
333
351
346
358
342
310
291
280
255
231
237
221
210
191
180
178
153
149
158
138
125
148
189
203
216
218
264
272
276
288
306
325
307
304
297
287
298
289
309
283
275
233
247
253
267
260
271
262
252
269
259
263
242
236
225
230
219
211
197
186
196
185
155
163
164
144
145
132
143
124
99
77
68
64
72
79
97
106
85
74
66
60
63
65
71
87
83
96
112
130
133
126
115
114
113
108
104
100
94
93
82
81
90
55
57
51
52
53
59
54
48
43
44
46
47
45
42
37
35
34
33
30
24
29
32
25
23
20
18
17
15
12
11
14
13
10
8
9
7
6
2
