1
2
35
36
3
4
37
38
5
6
7
8
9
10
11
44
45
12
13
14
15
16
17
50
51
18
19
52
84
85
53
20
21
54
55
22
23
56
57
24
25
58
59
26
27
28
29
30
31
32
376
377
33
65
64
63
62
94
95
379
96
380
97
98
384
383
113
125
135
148
160
171
184
199
210
220
226
411
410
414
237
265
437
275
423
438
272
420
268
416
264
236
263
262
419
422
304
303
302
327
328
329
330
305
306
331
332
333
432
334
307
335
336
427
337
338
375
374
373
372
371
370
369
368
367
345
366
365
364
431
363
362
344
361
360
359
435
358
357
356
434
355
354
353
343
352
351
350
349
433
348
347
346
342
341
428
282
281
279
276
273
269
266
239
238
234
227
405
400
185
172
161
149
136
126
114
103
102
441
104
115
386
127
387
389
137
150
162
151
152
116
138
392
175
187
399
396
174
173
186
401
406
228
235
240
267
270
271
274
277
426
440
280
283
308
309
339
310
284
285
311
340
312
286
287
313
314
315
316
317
318
319
320
321
322
323
430
324
429
325
326
301
300
299
298
297
296
278
295
294
293
292
291
290
289
288
424
421
425
415
250
249
248
247
246
245
244
243
242
241
407
403
211
212
221
229
230
222
213
200
188
176
163
393
153
140
139
128
117
105
106
107
118
129
141
154
165
164
397
177
189
201
202
402
214
223
231
251
252
417
418
253
254
255
256
257
258
259
260
261
413
412
408
409
404
217
205
194
181
168
157
145
144
391
132
122
121
385
110
111
123
133
146
158
169
182
197
196
195
206
207
208
218
219
209
198
183
170
159
147
134
124
112
436
101
93
61
60
92
91
90
89
88
378
87
86
382
381
109
120
388
131
143
156
167
180
192
193
204
216
225
233
232
224
215
203
190
191
398
178
179
395
394
166
155
142
390
130
119
108
439
83
82
81
49
48
80
100
79
47
46
78
99
77
76
75
43
42
74
73
41
40
39
72
71
70
69
68
67
66
34
442
