1
2
35
67
68
69
70
38
37
36
3
4
5
6
7
40
39
71
72
73
41
8
9
10
43
42
74
75
76
44
11
12
13
14
47
48
15
16
49
50
17
18
51
83
82
81
100
80
79
78
46
45
77
99
105
106
107
118
129
141
154
165
164
397
177
189
201
202
402
214
223
231
249
248
247
230
222
213
200
188
176
163
393
153
139
140
128
117
116
138
392
152
151
389
387
115
104
441
386
127
137
150
162
173
186
174
396
399
187
175
211
403
212
221
229
246
245
244
243
242
241
407
228
235
240
267
271
270
274
277
426
440
280
283
308
309
339
310
284
285
311
340
312
286
287
313
314
315
289
288
424
421
425
415
250
251
252
253
418
417
278
295
294
293
292
291
290
316
317
318
319
320
321
322
296
297
323
430
429
324
298
299
300
325
326
431
327
302
301
422
419
261
262
413
412
260
259
258
257
256
255
254
232
224
215
203
190
191
398
178
179
394
395
166
155
142
390
130
119
108
439
84
52
19
20
21
22
23
56
55
54
53
85
381
382
86
87
378
88
89
57
24
25
26
27
28
29
30
31
32
376
377
33
65
64
63
62
61
60
59
58
90
91
92
93
101
436
94
95
379
96
380
97
98
384
383
113
125
135
148
160
171
184
199
210
220
226
265
237
414
410
411
219
209
198
183
170
159
147
134
124
112
111
123
133
146
158
169
182
197
196
195
194
181
168
157
145
144
391
132
122
110
121
385
109
120
388
131
143
156
167
180
192
193
204
216
225
233
408
409
404
217
205
206
207
208
218
236
263
264
416
268
420
272
438
423
275
437
307
306
305
304
303
328
329
330
331
332
333
334
335
336
427
337
338
375
374
373
372
371
432
370
369
368
345
367
366
365
364
363
362
344
361
360
359
435
358
357
356
434
355
354
353
343
352
351
350
349
433
348
347
346
342
341
428
282
281
279
276
273
269
266
239
238
234
227
405
406
401
400
185
172
161
149
136
126
114
103
102
66
34
442
