1
442
34
66
67
68
69
37
38
70
71
72
39
40
41
73
74
42
43
75
76
77
99
78
46
47
79
100
80
48
49
81
82
50
51
52
53
85
84
83
439
108
119
130
390
142
155
166
394
395
179
178
398
191
190
189
177
397
164
165
154
141
129
118
107
106
105
117
128
139
140
153
393
163
176
188
200
213
222
230
229
221
212
211
403
407
241
242
243
244
245
246
247
248
249
250
415
425
421
424
288
289
290
291
292
293
294
295
278
296
322
321
320
319
318
317
316
315
314
313
287
286
312
340
311
285
284
310
339
309
308
283
280
440
426
277
274
271
270
267
240
235
228
406
401
186
173
174
396
399
187
175
392
138
116
152
151
162
150
137
389
387
127
386
115
104
441
102
103
114
126
136
149
161
172
185
400
405
227
234
238
239
266
269
273
276
279
281
282
428
341
342
346
347
348
433
349
350
351
352
343
353
354
355
434
356
357
358
435
359
360
361
344
429
324
430
323
297
298
299
300
325
326
301
302
303
328
327
431
362
363
364
365
366
345
367
368
369
370
432
371
372
373
374
375
338
337
427
336
335
307
334
333
332
331
306
305
330
329
304
422
419
260
259
258
257
256
255
254
253
418
417
252
251
231
223
214
402
201
202
203
215
224
232
233
225
216
204
193
192
180
167
156
143
131
388
120
109
381
382
86
87
378
88
89
90
91
92
60
61
93
101
436
112
124
134
147
159
170
183
198
209
219
218
208
207
206
195
196
197
182
169
158
146
133
123
111
110
385
121
122
132
391
144
145
157
168
181
194
205
217
404
409
408
412
413
261
262
236
263
264
416
268
420
272
438
423
275
437
265
237
414
410
411
226
220
210
199
184
171
160
148
135
125
113
383
384
98
97
380
96
379
95
94
62
63
64
65
33
377
376
32
31
30
29
28
27
26
59
58
25
24
57
56
23
22
55
54
21
20
19
18
17
16
15
14
13
12
45
44
11
10
9
8
7
6
5
4
3
36
35
2
