1
442
34
66
102
103
114
126
136
149
161
172
185
400
401
406
405
227
234
238
239
266
269
273
276
279
281
282
428
341
342
346
347
348
433
349
350
351
352
343
353
354
355
434
356
357
358
435
359
360
361
430
323
324
429
344
362
363
364
431
365
366
367
345
368
369
370
371
372
373
374
375
338
337
427
336
335
307
334
432
333
332
331
306
305
330
329
304
303
328
327
302
301
326
325
300
299
298
297
296
322
321
320
319
318
317
316
290
291
292
293
294
295
278
417
418
254
255
256
257
258
259
260
412
413
262
261
419
422
438
423
275
437
272
420
268
416
264
263
236
218
208
207
206
205
217
404
409
408
233
225
216
204
193
192
180
167
156
143
131
388
120
109
385
121
110
122
132
391
144
145
157
168
181
194
195
196
197
182
169
158
146
133
123
111
112
124
134
147
159
170
183
198
209
219
411
410
414
237
265
226
220
210
199
184
171
160
148
135
125
113
383
384
98
97
380
96
379
95
94
436
101
93
92
91
90
58
59
60
61
62
63
64
65
33
377
376
32
31
30
29
28
27
26
25
24
57
89
88
378
87
86
382
381
85
53
54
55
56
23
22
21
20
19
52
84
439
108
119
130
390
142
155
166
395
394
179
178
398
191
190
203
215
224
232
253
252
251
250
415
425
421
424
288
289
315
314
313
287
286
312
340
311
285
284
310
339
309
308
283
280
440
426
277
274
270
271
267
240
235
228
407
241
242
243
244
245
246
229
221
212
403
211
175
187
399
396
174
186
173
162
150
137
127
386
441
104
115
387
389
151
152
392
138
116
117
128
140
139
153
393
163
176
188
200
213
222
230
247
248
249
231
223
214
402
202
201
189
177
397
164
165
154
141
129
118
107
106
105
99
77
45
46
78
79
80
100
81
82
83
51
18
17
50
49
16
15
48
47
14
13
12
11
44
76
75
74
42
43
10
9
8
41
73
72
71
39
40
7
6
5
4
3
36
37
38
70
69
68
67
35
2
