1
2
35
36
3
4
37
38
5
6
39
40
7
8
41
42
9
10
11
12
45
46
13
14
47
48
15
16
49
50
17
18
19
20
21
22
23
24
25
58
57
56
55
54
53
52
51
83
84
85
381
382
86
87
378
88
89
90
91
59
26
27
28
61
60
92
93
101
436
94
62
29
30
31
32
376
377
33
65
64
63
95
379
96
380
97
98
384
383
113
125
135
148
160
171
184
199
210
220
226
237
265
414
410
411
219
209
198
183
170
159
147
134
124
112
111
123
133
146
158
169
182
197
208
218
207
196
195
206
205
217
404
409
408
412
413
261
419
422
262
236
263
264
416
268
420
272
438
423
275
437
307
334
335
336
427
337
338
375
374
373
372
371
370
369
432
333
332
331
306
305
304
303
302
301
300
299
325
326
327
328
329
330
345
368
367
366
365
431
364
363
362
344
361
360
359
435
358
357
356
434
355
354
353
343
352
351
350
340
312
286
287
313
314
315
289
288
424
421
425
291
290
316
317
318
292
293
319
320
294
295
321
322
323
430
429
324
298
297
296
278
417
418
253
252
251
250
415
249
248
247
246
245
244
243
242
241
407
228
235
240
267
270
271
274
277
426
280
440
308
309
283
284
285
311
310
339
433
349
348
347
346
342
341
428
282
281
279
276
273
269
266
239
238
234
227
405
406
401
400
185
172
161
149
136
126
114
103
102
441
104
115
386
127
387
389
116
138
392
152
151
137
150
162
173
186
174
396
399
187
175
211
403
221
229
212
230
222
213
200
188
176
163
393
153
140
139
128
117
105
106
107
118
129
141
154
165
164
397
177
189
201
214
223
231
402
202
190
191
203
215
224
232
254
255
256
257
258
259
260
233
225
216
204
192
180
193
194
181
168
157
145
144
391
132
122
110
121
385
109
120
388
131
143
156
167
394
395
179
398
178
166
155
142
390
130
119
108
439
82
81
100
80
79
78
77
99
76
44
43
75
74
73
72
71
70
69
68
67
66
34
442
