1
442
34
66
67
68
69
70
71
72
73
74
75
43
44
76
77
45
46
78
99
106
105
117
128
139
140
153
393
163
176
188
200
213
222
230
212
229
221
403
211
175
187
399
396
174
186
173
162
150
137
151
152
392
138
116
389
387
127
386
115
104
441
102
103
114
126
136
149
161
172
185
400
401
406
405
227
234
238
239
266
269
273
276
279
281
282
428
341
342
346
347
348
349
433
339
310
311
285
284
283
309
308
440
280
426
277
274
271
270
267
240
235
228
407
241
242
243
244
245
246
247
248
249
415
250
251
252
253
418
417
278
296
297
298
324
429
430
323
322
321
295
294
320
319
293
292
318
317
316
290
291
425
421
424
288
289
315
314
313
287
286
312
340
350
351
352
343
353
354
355
434
356
357
358
435
359
360
361
344
362
363
364
431
365
366
367
368
345
330
329
328
327
326
325
299
300
301
302
303
304
305
306
331
332
333
432
369
370
371
372
373
374
375
338
337
427
336
335
334
307
437
275
423
438
272
420
268
416
264
236
263
262
261
422
419
260
259
258
257
256
255
254
232
224
215
203
191
190
202
402
231
223
214
201
189
177
397
164
165
154
141
129
118
107
100
81
49
50
82
439
108
119
130
390
142
155
166
178
398
179
395
394
167
156
143
131
388
120
109
385
121
110
122
132
391
144
145
157
168
181
194
193
180
192
204
216
225
233
408
409
412
413
404
217
205
206
195
196
207
218
208
197
182
169
158
146
133
123
111
112
124
134
147
159
170
183
198
209
219
411
410
414
265
237
226
220
210
199
184
171
160
148
135
125
113
383
384
98
97
380
96
379
95
63
64
65
33
377
376
32
31
30
29
28
27
26
59
60
61
62
94
436
101
93
92
91
90
89
88
378
87
86
382
381
85
84
83
51
52
53
54
55
56
57
58
25
24
23
22
21
20
19
18
17
16
15
48
80
79
47
14
13
12
11
10
9
42
41
8
7
40
39
6
5
38
37
4
3
36
35
2
